.Random.seed <-
c(403L, 10L, 1955076752L, 697387827L, 1955295441L, -662723968L, 
-1436347554L, -1098334039L, -908672165L, -1970196118L, -381512692L, 
2125935695L, 1251362053L, -532732484L, 472445074L, -608935027L, 
-281979961L, -750901074L, -1806276344L, 394663691L, 1451373033L, 
2058303160L, 1825784166L, 94732801L, -232342381L, -1658165438L, 
583039220L, -1881672457L, -2057712403L, 1604329348L, 1781608874L, 
210200341L, 2132456879L, -1746395722L, -1133272096L, 1249880867L, 
-594047935L, 1533034288L, 439659854L, 2121887673L, 1663478219L, 
-201536902L, -538001540L, -23457857L, 1464727701L, -1937889620L, 
-739789694L, -476695459L, 1389828951L, 1148765758L, -1593456008L, 
-529508005L, -1421010759L, 863967496L, 895093686L, -1895839503L, 
54140707L, -1500116622L, 1159347140L, 592312199L, 1005804893L, 
1390244692L, -1303516806L, 21931205L, 1144477215L, 324518310L, 
-29707472L, 369066451L, -1204312079L, -2130624224L, 375660478L, 
-2009255991L, 517742459L, -1886509750L, -12701268L, -1643500369L, 
-1485818267L, -1067037156L, -499097486L, -1896073491L, -639108313L, 
-1064994994L, 748404648L, -1353667669L, -1341052727L, 60256472L, 
610135430L, 655131745L, -472463885L, 912426082L, -1149107500L, 
1412465623L, -216655411L, 1485639012L, 113092938L, 818065589L, 
842225679L, -168677098L, -1426502720L, 1143555971L, -870226527L, 
1952344464L, 1926255214L, 387826713L, -377407317L, 204852378L, 
-212087716L, 84662623L, 1898883893L, -142381364L, -1485235166L, 
833035901L, 1399038839L, 1849080990L, -1884697768L, 2050879163L, 
852463705L, -337636376L, 1195554326L, 1625332113L, -1477051837L, 
-438585006L, -477680156L, -1897548761L, -914333571L, 662056308L, 
1906786650L, -1864996955L, -457947201L, -1524597690L, -1220334896L, 
15471859L, 1338798609L, -1740323776L, 514304030L, -1380706583L, 
-742456293L, 85675050L, -1234849972L, -1163086577L, -2093008827L, 
236184060L, 420458578L, 1542633933L, 738167687L, 1454177902L, 
563261000L, 1040517195L, 439746985L, 810466552L, 938338342L, 
-2082334399L, -1167837485L, -266953086L, -1534180172L, 1659903031L, 
205233965L, -1600218044L, 1714536810L, -2091647531L, 1521752943L, 
279880310L, -851004000L, 1754890851L, -747494655L, 448019056L, 
1256035854L, 543145593L, 817687051L, -909302982L, 145078844L, 
601831807L, 609882837L, 1433436908L, -2035329982L, -691631203L, 
-1762057705L, 1534310270L, 1857131832L, 2095514139L, -478811271L, 
-1406882360L, 1754411510L, 1422918705L, 1942066787L, -929560014L, 
-56936572L, 90482119L, 95300765L, -1578177516L, -1877390662L, 
-142177531L, -443150113L, 1669392742L, -348922640L, 1650788371L, 
1390960049L, 304412768L, -1118972418L, 40067465L, -1911974213L, 
-1783639414L, -1780601492L, 382073583L, -878836443L, -1306070052L, 
2008777138L, -237690707L, -1085607833L, -433694834L, 1357111400L, 
1721969771L, 687273481L, 432199832L, -1181465658L, -1391831263L, 
-493440077L, 586627874L, 1824320788L, 857529751L, 612926861L, 
20284580L, -925505910L, -454877963L, 1462109007L, 365419606L, 
-1879089408L, 2036726339L, -211541535L, 302028348L, -407856560L, 
1935484578L, 2114782024L, -220827124L, 1191340252L, -171038126L, 
524849280L, -1690473644L, -932088344L, 920960762L, 65612624L, 
1846713388L, 531655028L, -1912940910L, 841125472L, -686791028L, 
-202995872L, 4057826L, -1284804440L, 2141908172L, -280591876L, 
-857796686L, 185387504L, 2133267908L, 1993513816L, -71504006L, 
-1521777232L, 456385980L, -1382996908L, 1239160770L, 1532770080L, 
-363500612L, -1361050032L, -1062827550L, -733657752L, 978271564L, 
-1103776516L, 1140665074L, 1381925632L, -1764594060L, 717911048L, 
1788496314L, 2140263376L, -1934088724L, 1908838292L, 1274060498L, 
-159196576L, -1851916980L, 1654468896L, -251769214L, -1974491672L, 
77235180L, 830782012L, 782616178L, 2143656816L, 159879460L, -58035656L, 
351762842L, -886878768L, -1421095492L, -422996844L, 1724446850L, 
-77152832L, -1721929924L, -57352048L, -620238046L, 1986972168L, 
885655820L, 578070940L, 257174034L, 1018466176L, -793162988L, 
1819410728L, -1175205830L, 2022865872L, -313758100L, 545804852L, 
-1071159662L, 1568193888L, 106465612L, 1767412704L, -1830796894L, 
-41346648L, 1951684236L, -1353679428L, -757017998L, -798397456L, 
-78265788L, -1356550056L, -171531206L, -1925114768L, 425419836L, 
-125991660L, 1963494082L, 194229984L, -187790212L, -1834317104L, 
-914273886L, -489374680L, 489203468L, -1977545284L, -399784142L, 
-1849749824L, -577753036L, -1919873336L, 434981050L, 1416733328L, 
-938279188L, -1105675692L, 46231186L, -2038002400L, -15022644L, 
-2038337824L, 2055832770L, 825097256L, 1833169836L, -2136904004L, 
-2017617934L, 160553520L, -58293340L, 1335676344L, -1441362086L, 
-413671280L, 259493756L, 2081281300L, -1221375678L, 835589376L, 
-2084462148L, -1594981040L, 1568723234L, 1872179784L, 1907328012L, 
191271516L, -110041646L, -458490368L, -267126444L, 647900392L, 
-1881384710L, -374965552L, 1571077932L, -1095187212L, 405118354L, 
-1586237088L, 1455493132L, -336500512L, 390813282L, -1411805016L, 
650035276L, 1541674876L, -1392054990L, 841723504L, -452380860L, 
-1246516264L, 1150887802L, 529998896L, 583133116L, 1464253012L, 
1733916738L, -1041717600L, -1754099012L, -112554032L, -1384935070L, 
-1401853208L, 375008460L, -826709508L, 1010708978L, 355162240L, 
1666661876L, -214668664L, 1165256506L, -396844720L, -296042388L, 
378914196L, -1349823406L, -2070662688L, 1193332940L, -1975919968L, 
-115943038L, 724405480L, 87642860L, -1531438788L, 181466226L, 
661118576L, -1001511388L, -95934408L, 451818778L, 432083152L, 
-949379780L, 2035965844L, -1477648510L, -223043648L, -569686468L, 
-1550718576L, 828572706L, -392529656L, -1234275188L, -2025405668L, 
-498698094L, 904243584L, -546128876L, -288956632L, -361814470L, 
992932304L, 2077028716L, 1440954292L, -566419950L, 1840514016L, 
951338444L, -1734908704L, 339038242L, -24291544L, -987646452L, 
1694102332L, -814304270L, -413463824L, 669674052L, -1435695528L, 
305370938L, -29002768L, -106232132L, 1239016724L, 874336450L, 
-1048413088L, -293291652L, -1593141296L, -1328432862L, -2097668668L, 
-2076738958L, -804805817L, 1808669457L, 1175373462L, 51518452L, 
1726719365L, 775944399L, 386683336L, -47329178L, -87374189L, 
1931433461L, -1888688174L, 1428337696L, 1591666185L, 440942395L, 
936669836L, -503814374L, -307451505L, -1758345511L, -1996846738L, 
-634301188L, 772877933L, 1330866711L, -1713348640L, 1385487294L, 
2093480331L, -848205299L, -1491024326L, -1652871560L, -925972959L, 
1578129619L, 2089428980L, -1971294078L, 1740106007L, -1909645343L, 
-1342834394L, -775972828L, -1741587755L, 1247004287L, 998098712L, 
354108982L, -540895037L, 225178885L, 950959266L, 1827168912L, 
-10932679L, -1046049045L, 477663196L, 890180106L, 118469887L, 
-1690164919L, -2120068386L, 1478508684L, -2094344099L, 1555846759L, 
-1249556592L, -1434940498L, -47467941L, -1800999363L, 419901610L, 
-844721848L, -1898998415L, -830643485L, 1352444388L, -556956398L, 
1932572903L, 665157297L, -523983626L, 955324180L, -804069339L, 
1061827887L, 1419025128L, 846403526L, 1259080307L, 1875157L, 
124493490L, 60786304L, 2109320809L, 1975792347L, -581521876L, 
1709387322L, 859695343L, -1827835015L, -920928242L, -15104548L, 
1322296909L, -2059606601L, 1583283008L, -376063458L, 1331617003L, 
-798595987L, -919563046L, -158638952L, -1304139007L, 243028147L, 
2078710740L, -625727774L, 722048887L, -1146250559L, -137958842L, 
-1035065980L, 2137357109L, -1742157537L, 1862852728L, -1786159786L, 
-1682832413L, 212934053L, 1247379522L, -350147024L, -608094631L, 
-461770805L, 1197559868L, -1043931542L, -882355041L, 208049449L, 
-1494064706L, -2022465364L, 417396221L, 1219444039L, 2098812464L, 
1227931470L, 2147136379L, -1669614371L, -1586801398L, 861949992L, 
1099449489L, 559583363L, 233865604L, -156053582L, -1507913465L, 
2070643537L, -1126817066L, 970259380L, 1918878661L, -946892017L, 
1138708872L, 1792853158L, 158930003L, -650259019L, -950756590L, 
